logfile=server.log
maxplayers=10
port=4567
timeout=3.000000
update=0.016667
